[1.0000000][2.0000000][3.0000000]
[4.0000000][5.0000000][6.0000000]
[7.0000000][8.0000000][9.0000000]

[1.0000000][2.0000000][3.0000000]
[1.0000000][1.2500000][1.5000000]
[1.0000000][1.1428571][1.2857143]

// правильно до сюда -----
[1.0000000][2.0000000][3.0000000]
[0.0000000][-0.7500000][-1.5000000]
[0.0000000][-0.8571429][-1.7142857]

[1.0000000][2.0000000][3.0000000]
[0.0000000][-0.1500000][-0.3000000]
[0.0000000][-0.1071429][-0.2142857]

[1.0000000][2.0000000][3.0000000]
[0.0000000][-0.1500000][-0.3000000]
[0.0000000][-5.1071429][-6.2142857]

[1.0000000][2.0000000][3.0000000]
[0.0000000][-0.1500000][-0.3000000]
[0.0000000][-5.1071429][-0.6904762]

мой

[1.0000000][2.0000000][3.0000000]
[4.0000000][5.0000000][6.0000000]
[7.0000000][8.0000000][9.0000000]

[1.0000000][2.0000000][3.0000000]
[1.0000000][1.2500000][1.5000000]
[1.0000000][1.1428571][1.2857143]

[1.0000000][2.0000000][3.0000000]
[0.0000000][-0.7500000][-1.5000000]
[0.0000000][-0.8571429][-1.7142857]

[1.0000000][2.0000000][3.0000000]
[0.0000000][-0.1500000][-0.3000000]
[0.0000000][-0.1071429][-0.2142857]

[1.0000000][2.0000000][3.0000000]
[0.0000000][-0.1500000][-0.3000000]
[0.0000000][-5.1071429][-6.2142857]

[1.0000000][2.0000000][3.0000000]
[0.0000000][-0.1500000][-0.3000000]
[0.0000000][-5.1071429][-0.6904762]